n = 86243, h = 128
Iterations: 5000

First Run: 640000 expected points, 5000 unexpected max points, 46 expected min points, 5000 expected max points
Plotting Frequency Graph: graphs/freq_plot_86243_128_first.svg
Expected: [(42.0, 115.0), (88.0, 8842.0), (76.0, 30008.0), (77.0, 29787.0), (49.0, 603.0), (47.0, 374.0), (63.0, 11149.0), (80.0, 25849.0), (108.0, 2.0), (97.0, 575.0), (46.0, 257.0), (36.0, 39.0), (86.0, 12817.0), (28.0, 7.0), (96.0, 913.0), (53.0, 1580.0), (75.0, 29712.0), (37.0, 41.0), (71.0, 26337.0), (101.0, 89.0), (103.0, 40.0), (84.0, 17618.0), (98.0, 393.0), (33.0, 19.0), (27.0, 15.0), (95.0, 1235.0), (6.0, 1.0), (57.0, 3871.0), (-3.0, 1.0), (74.0, 29178.0), (102.0, 58.0), (23.0, 7.0), (16.0, 2.0), (22.0, 3.0), (58.0, 4730.0), (93.0, 2490.0), (26.0, 5.0), (99.0, 245.0), (52.0, 1261.0), (64.0, 12864.0), (79.0, 27526.0), (90.0, 5721.0), (40.0, 78.0), (39.0, 73.0), (43.0, 154.0), (34.0, 19.0), (87.0, 10959.0), (70.0, 24565.0), (17.0, 2.0), (85.0, 15155.0), (56.0, 3127.0), (94.0, 1791.0), (92.0, 3415.0), (82.0, 21651.0), (72.0, 27659.0), (105.0, 12.0), (41.0, 91.0), (69.0, 22771.0), (60.0, 6866.0), (67.0, 18794.0), (73.0, 29160.0), (78.0, 28440.0), (51.0, 1002.0), (83.0, 19630.0), (15.0, 1.0), (30.0, 17.0), (25.0, 3.0), (107.0, 5.0), (89.0, 7085.0), (21.0, 1.0), (62.0, 9466.0), (68.0, 21105.0), (35.0, 39.0), (29.0, 11.0), (45.0, 212.0), (19.0, 1.0), (38.0, 54.0), (106.0, 2.0), (31.0, 12.0), (65.0, 14826.0), (48.0, 515.0), (50.0, 765.0), (104.0, 20.0), (100.0, 166.0), (24.0, 5.0), (44.0, 185.0), (55.0, 2555.0), (59.0, 5752.0), (66.0, 16921.0), (61.0, 8153.0), (54.0, 2047.0), (81.0, 23953.0), (91.0, 4312.0), (32.0, 18.0)]
Unexpected: [(50.0, 1.0), (51.0, 1.0), (22.0, 368.0), (29.0, 301.0), (24.0, 525.0), (18.0, 47.0), (17.0, 16.0), (21.0, 284.0), (45.0, 2.0), (38.0, 16.0), (20.0, 167.0), (46.0, 3.0), (43.0, 1.0), (44.0, 1.0), (19.0, 114.0), (30.0, 246.0), (39.0, 15.0), (37.0, 23.0), (36.0, 35.0), (16.0, 1.0), (27.0, 460.0), (34.0, 67.0), (33.0, 86.0), (15.0, 1.0), (25.0, 520.0), (32.0, 125.0), (42.0, 7.0), (31.0, 184.0), (26.0, 480.0), (40.0, 9.0), (49.0, 1.0), (23.0, 468.0), (28.0, 365.0), (35.0, 54.0), (41.0, 6.0)]
Expected Min: [(37.0, 1.0), (54.0, 1.0), (47.0, 1.0), (52.0, 1.0), (16.0, 1.0), (31.0, 1.0), (57.0, 1.0), (34.0, 1.0), (36.0, 1.0), (58.0, 1.0), (45.0, 1.0), (51.0, 1.0), (24.0, 1.0), (40.0, 1.0), (32.0, 1.0), (-3.0, 1.0), (27.0, 1.0), (35.0, 1.0), (38.0, 1.0), (39.0, 1.0), (55.0, 1.0), (43.0, 1.0), (44.0, 1.0), (22.0, 1.0), (48.0, 1.0), (19.0, 1.0), (33.0, 1.0), (41.0, 1.0), (30.0, 1.0), (59.0, 1.0), (53.0, 1.0), (60.0, 1.0), (61.0, 1.0), (28.0, 1.0), (6.0, 1.0), (29.0, 1.0), (50.0, 1.0), (15.0, 1.0), (49.0, 1.0), (46.0, 1.0), (23.0, 1.0), (56.0, 1.0), (26.0, 1.0), (17.0, 1.0), (42.0, 1.0), (25.0, 1.0)]
Expected Max: [(91.0, 300.0), (90.0, 166.0), (92.0, 497.0), (96.0, 603.0), (98.0, 330.0), (105.0, 12.0), (87.0, 3.0), (97.0, 432.0), (101.0, 88.0), (93.0, 635.0), (99.0, 223.0), (107.0, 5.0), (104.0, 20.0), (106.0, 2.0), (100.0, 158.0), (102.0, 57.0), (103.0, 40.0), (86.0, 1.0), (88.0, 15.0), (89.0, 62.0), (108.0, 2.0), (95.0, 662.0), (94.0, 687.0)]
Expected Points: mean = 74.522740625, stddev = 8.642800628534932
Unexpected Max Points: mean = 25.9374, stddev = 4.165927535429066
Expected Min Points: mean = 37.608695652173914, stddev = 15.153258924688357
Expected Max Points: mean = 94.9612, stddev = 3.0116953069200645

Second Run: 172585 expected points, 5000 unexpected max points, 49 expected min points, 5000 expected max points
Plotting Frequency Graph: graphs/freq_plot_86243_128_second.svg
Expected: [(115.0, 1.0), (86.0, 10177.0), (48.0, 6.0), (63.0, 96.0), (58.0, 34.0), (99.0, 2135.0), (84.0, 8627.0), (77.0, 2512.0), (105.0, 175.0), (65.0, 107.0), (41.0, 1.0), (40.0, 1.0), (110.0, 12.0), (64.0, 102.0), (88.0, 10739.0), (96.0, 4818.0), (47.0, 5.0), (90.0, 10426.0), (66.0, 127.0), (36.0, 1.0), (108.0, 33.0), (98.0, 2948.0), (85.0, 9573.0), (67.0, 191.0), (51.0, 7.0), (81.0, 5721.0), (49.0, 9.0), (92.0, 8959.0), (43.0, 3.0), (53.0, 13.0), (112.0, 1.0), (31.0, 1.0), (62.0, 68.0), (44.0, 3.0), (89.0, 10817.0), (52.0, 13.0), (103.0, 441.0), (55.0, 22.0), (82.0, 6784.0), (61.0, 54.0), (79.0, 3984.0), (57.0, 23.0), (59.0, 30.0), (104.0, 309.0), (74.0, 1231.0), (102.0, 671.0), (95.0, 5866.0), (60.0, 44.0), (97.0, 3771.0), (45.0, 3.0), (106.0, 87.0), (56.0, 33.0), (72.0, 691.0), (76.0, 2116.0), (75.0, 1555.0), (69.0, 304.0), (101.0, 1092.0), (54.0, 13.0), (80.0, 4816.0), (109.0, 17.0), (78.0, 3328.0), (93.0, 8010.0), (107.0, 47.0), (94.0, 6937.0), (91.0, 9778.0), (70.0, 393.0), (100.0, 1564.0), (71.0, 481.0), (68.0, 233.0), (87.0, 10519.0), (50.0, 4.0), (83.0, 7895.0), (73.0, 972.0), (111.0, 3.0), (46.0, 2.0)]
Unexpected: [(17.0, 186.0), (27.0, 4.0), (26.0, 8.0), (31.0, 4.0), (24.0, 32.0), (35.0, 1.0), (30.0, 2.0), (19.0, 99.0), (28.0, 6.0), (3.0, 32.0), (25.0, 12.0), (20.0, 72.0), (23.0, 35.0), (14.0, 359.0), (0.0, 2.0), (15.0, 308.0), (22.0, 29.0), (5.0, 128.0), (7.0, 286.0), (11.0, 471.0), (12.0, 482.0), (10.0, 531.0), (1.0, 5.0), (29.0, 4.0), (18.0, 151.0), (34.0, 1.0), (13.0, 433.0), (2.0, 10.0), (32.0, 1.0), (21.0, 42.0), (6.0, 199.0), (16.0, 204.0), (8.0, 371.0), (4.0, 63.0), (9.0, 427.0)]
Expected Min: [(62.0, 1.0), (66.0, 1.0), (65.0, 1.0), (87.0, 1.0), (48.0, 1.0), (59.0, 1.0), (79.0, 1.0), (58.0, 1.0), (86.0, 1.0), (83.0, 1.0), (52.0, 1.0), (57.0, 1.0), (36.0, 1.0), (46.0, 1.0), (67.0, 1.0), (80.0, 1.0), (73.0, 1.0), (47.0, 1.0), (82.0, 1.0), (70.0, 1.0), (60.0, 1.0), (69.0, 1.0), (31.0, 1.0), (49.0, 1.0), (45.0, 1.0), (61.0, 1.0), (55.0, 1.0), (81.0, 1.0), (71.0, 1.0), (74.0, 1.0), (78.0, 1.0), (54.0, 1.0), (43.0, 1.0), (76.0, 1.0), (77.0, 1.0), (56.0, 1.0), (75.0, 1.0), (41.0, 1.0), (44.0, 1.0), (64.0, 1.0), (50.0, 1.0), (85.0, 1.0), (84.0, 1.0), (51.0, 1.0), (40.0, 1.0), (53.0, 1.0), (72.0, 1.0), (63.0, 1.0), (68.0, 1.0)]
Expected Max: [(94.0, 63.0), (112.0, 1.0), (109.0, 17.0), (96.0, 273.0), (100.0, 685.0), (98.0, 605.0), (95.0, 137.0), (90.0, 1.0), (102.0, 471.0), (101.0, 658.0), (115.0, 1.0), (108.0, 33.0), (104.0, 276.0), (106.0, 83.0), (91.0, 2.0), (97.0, 443.0), (103.0, 348.0), (107.0, 41.0), (111.0, 3.0), (110.0, 12.0), (93.0, 25.0), (92.0, 6.0), (105.0, 160.0), (99.0, 656.0)]
Expected Points: mean = 87.51197381000667, stddev = 6.650558303842035
Unexpected Max Points: mean = 11.8626, stddev = 4.351770768522205
Expected Min Points: mean = 62.714285714285715, stddev = 14.812719759269962
Expected Max Points: mean = 100.0658, stddev = 2.9492388784214136
